MSE  = 1.77557947e-05
RMSE = 4.21376254e-03
MAE  = 3.53786156e-03
Erreur max = 7.79260503e-03
